cmd: ./test
events: Ir
fl=./csu/../csu/libc-start.c
fn=__libc_start_main@@GLIBC_2.34
128 2
134 3
135 7
138 1
139 2
142 3
143 2
144 11
145 4
242 13
311 3
312 3
337 6
340 2
343 2
350 2
352 2
360 4
fl=./csu/../sysdeps/nptl/libc_start_call_main.h
fn=(below main)
29 9
44 3
46 2
51 2
52 2
55 2
58 6
74 2
fl=./csu/./csu/init-first.c
fn=_init_first
46 6
51 2
55 5
61 1
62 1
63 2
71 2
72 3
fl=./ctype/./ctype/ctype-info.c
fn=__ctype_init
29 1
31 7
33 4
35 4
36 1
fl=./debug/../sysdeps/x86_64/multiarch/ifunc-memmove.h
fn=__memcpy_chk
56 2
57 3
60 3
61 2
74 2
103 2
108 3
113 4
fn=__memmove_chk
56 2
57 3
60 3
61 2
74 2
103 2
108 3
113 4
fn=__mempcpy_chk
56 2
57 3
60 3
61 2
74 2
103 2
108 3
113 4
fl=./debug/../sysdeps/x86_64/multiarch/ifunc-memset.h
fn=__memset_chk
54 5
57 3
58 2
64 2
73 2
103 4
fl=./debug/../sysdeps/x86_64/multiarch/memcpy_chk.c
fn=__memcpy_chk
29 2
fl=./debug/../sysdeps/x86_64/multiarch/memmove_chk.c
fn=__memmove_chk
29 2
fl=./debug/../sysdeps/x86_64/multiarch/mempcpy_chk.c
fn=__mempcpy_chk
29 2
fl=./debug/../sysdeps/x86_64/multiarch/memset_chk.c
fn=__memset_chk
29 2
fl=./elf/../bits/stdlib-bsearch.h
fn=intel_check_word.constprop.0
27 198
28 99
29 1440
31 1302
32 684
35 429
37 384
fl=./elf/../elf/dl-tls.c
fn=_dl_add_to_slotinfo
1017 9
1023 1
1026 1
1027 1
1031 3
1065 2
1068 2
1069 3
1072 6
fn=_dl_allocate_tls_init
523 11
524 2
528 2
531 1
534 2
537 3
549 1
554 17
560 5
563 3
564 2
570 3
571 2
573 10
576 2
577 2
580 2
581 4
583 2
584 2
593 1
601 2
603 10
609 1
615 2
618 2
621 9
fn=_dl_allocate_tls_storage
365 1
369 1
370 1
371 2
374 1
380 2
417 7
419 1
430 1
431 1
432 2
440 6
441 1
445 305
464 1
470 7
fn=_dl_assign_tls_modid
125 4
128 2
141 1
181 1
183 1
186 1
187 2
fn=_dl_count_modids
192 1
194 2
195 1
210 2
fn=_dl_determine_tlsoffset
216 9
217 1
218 1
219 1
222 4
225 2
259 1
261 11
263 5
265 3
266 2
268 2
270 5
281 1
286 8
288 2
289 1
294 1
301 1
302 7
304 2
354 1
355 8
fn=_dl_tls_static_surplus_init
83 3
97 8
100 6
101 5
102 3
104 4
107 1
109 1
111 3
112 6
fl=./elf/../include/list.h
fn=__tls_init_tp
43 2
44 2
45 1
47 1
fl=./elf/../include/rtld-malloc.h
fn=__minimal_calloc
56 8
fn=_dl_allocate_tls_storage
44 2
56 1
fn=_dl_check_map_versions
44 9
fn=_dl_find_object_init
56 2
fn=_dl_important_hwcaps
56 4
fn=_dl_init_paths
56 5
fn=_dl_map_object_deps
56 6
fn=_dl_new_object
44 9
56 6
fn=fillin_rpath.isra.0
50 2
51 1
56 2
fn=init_tls
44 2
fl=./elf/../include/scratch_buffer.h
fn=_dl_map_object_deps
77 2
78 1
85 3
131 8
fl=./elf/../misc/sbrk.c
fn=sbrk
37 6
40 1
58 2
62 2
78 5
fl=./elf/../nptl/nptl-stack.h
fn=__libc_early_init
61 8
fl=./elf/../sysdeps/generic/_itoa.h
fn=_dl_check_map_versions
76 6
fl=./elf/../sysdeps/generic/dl-cache.h
fn=_dl_load_cache_lookup
125 1
194 1
195 5
fl=./elf/../sysdeps/generic/dl-call_tls_init_tp.h
fn=init_tls
31 8
33 1
fl=./elf/../sysdeps/generic/dl-debug.h
fn=dl_main
29 4
30 1
fl=./elf/../sysdeps/generic/dl-hash.h
fn=__rtld_malloc_init_real
43 1
44 1
45 19
48 18
62 24
67 1
72 1
fl=./elf/../sysdeps/generic/dl-new-hash.h
fn=_dl_lookup_symbol_x
69 99
70 198
74 798
77 1596
80 745
81 1490
87 46
88 46
89 92
90 46
99 699
101 699
102 1398
104 699
105 699
fl=./elf/../sysdeps/generic/dl-protected.h
fn=do_lookup_x
29 368
fl=./elf/../sysdeps/generic/ldsodefs.h
fn=_dl_relocate_object
79 35
140 306
fn=_dl_start
79 6
fn=do_lookup_x
139 184
140 276
fl=./elf/../sysdeps/nptl/dl-mutex.c
fn=__rtld_mutex_init
30 7
37 1
40 7
44 2
45 9
47 6
51 2
52 7
53 6
fl=./elf/../sysdeps/nptl/dl-tls_init_tp.c
fn=__tls_init_tp
68 5
69 1
72 1
75 4
76 2
77 1
82 2
87 4
90 1
93 3
105 4
121 3
128 2
129 3
fn=__tls_pre_init_tp
53 3
56 10
61 2
62 1
64 1
fn=rtld_mutex_dummy
42 8
44 16
fl=./elf/../sysdeps/nptl/pthread_early_init.h
fn=__libc_early_init
33 6
34 1
38 5
45 2
46 1
48 2
52 5
53 1
54 1
56 1
fl=./elf/../sysdeps/posix/dl-fileid.h
fn=_dl_map_object_from_fd
37 8
40 8
49 12
fl=./elf/../sysdeps/unix/sysv/linux/brk.c
fn=brk
36 1
37 1
38 2
44 1
45 1
fl=./elf/../sysdeps/unix/sysv/linux/brk_call.h
fn=brk
24 2
fl=./elf/../sysdeps/unix/sysv/linux/dl-osinfo.h
fn=dl_main
39 2
52 1
fl=./elf/../sysdeps/unix/sysv/linux/dl-parse_auxv.h
fn=_dl_sysdep_parse_arguments
32 2
33 1
34 1
41 93
42 44
43 44
45 1
46 2
47 2
48 2
49 1
51 2
52 2
53 2
54 2
56 2
fl=./elf/../sysdeps/unix/sysv/linux/dl-sysdep.c
fn=_dl_sysdep_parse_arguments
78 7
79 2
80 2
81 3
82 59
83 121
86 2
90 56
93 5
94 2
95 3
96 6
fn=_dl_sysdep_start
102 6
103 1
106 2
110 2
113 1
115 2
122 3
123 2
125 5
137 3
140 5
143 4
fn=_dl_sysdep_start_cleanup
147 1
148 1
fl=./elf/../sysdeps/unix/sysv/linux/dl-vdso-setup.h
fn=dl_main
30 1
33 1
36 1
39 1
45 1
fl=./elf/../sysdeps/unix/sysv/linux/dl-vdso.h
fn=dl_main
40 2
41 5
55 2
fl=./elf/../sysdeps/unix/sysv/linux/rseq-internal.h
fn=__tls_init_tp
32 3
34 7
37 2
40 1
fl=./elf/../sysdeps/unix/sysv/linux/x86/dl-hwcap2.h
fn=update_active.constprop.0
25 2
fl=./elf/../sysdeps/unix/sysv/linux/x86/dl-minsigstacksize.h
fn=get_common_indices.constprop.0
24 2
27 2
81 1
fl=./elf/../sysdeps/x86/cpu-features.c
fn=get_common_indices.constprop.0
398 3
402 4
405 5
409 1
410 4
411 4
412 4
413 3
414 2
421 2
423 9
428 8
435 2
457 3
fn=init_cpu_features.constprop.0
376 3
377 2
378 6
383 2
384 6
389 2
390 7
682 8
685 1
686 1
687 1
690 1
699 3
702 6
703 1
706 2
708 6
713 1
715 3
717 9
721 7
781 4
790 1
832 1
878 2
885 2
887 2
891 2
897 2
899 1
1001 3
1002 2
1005 2
1006 2
1012 1
1013 1
1014 1
1015 2
1019 4
1022 4
1028 3
1031 1
1035 1
1045 1
1054 2
1065 4
1071 1
1075 1
1077 1
1081 1
1082 2
1086 3
1103 2
1104 2
1127 4
1129 4
1135 4
1142 8
fn=update_active.constprop.0
72 8
76 1
84 3
85 3
86 1
94 4
95 1
103 4
104 1
105 2
109 4
112 4
113 1
116 5
117 2
121 5
122 3
123 3
124 2
128 5
129 5
130 3
132 2
133 4
147 2
356 2
360 3
369 1
370 8
fl=./elf/../sysdeps/x86/dl-cacheinfo.h
fn=get_common_cache_info.constprop.0
571 11
586 1
587 1
588 2
589 1
590 2
596 3
598 7
601 2
613 1
618 3
622 2
627 5
630 24
637 8
640 26
645 2
649 3
650 2
654 2
658 3
661 4
662 1
667 4
673 4
681 6
683 2
685 4
687 12
689 1
690 1
691 9
693 4
696 7
701 1
703 4
704 3
705 1
708 2
711 2
718 1
720 4
721 1
726 2
731 2
732 1
733 2
734 1
759 3
770 5
771 5
775 2
782 1
783 2
784 1
785 7
fn=handle_intel.constprop.0
250 108
255 24
261 12
262 12
267 48
271 24
276 24
279 60
281 24
284 60
286 24
289 45
291 18
294 45
296 18
300 27
305 96
fn=init_cpu_features.constprop.0
792 1
793 1
795 1
809 2
811 3
812 3
813 3
814 2
817 3
819 3
820 2
822 3
824 3
825 1
827 3
829 3
830 2
832 3
834 3
836 3
838 5
894 2
895 2
896 2
897 2
898 2
899 2
900 1
901 1
902 1
903 1
904 1
905 1
910 3
925 7
930 2
931 6
939 3
959 6
968 2
969 2
974 12
987 5
995 7
997 2
1000 5
1002 2
1005 5
1006 5
1010 6
1011 3
1017 7
1020 11
1021 10
1022 13
1025 10
1027 10
1040 4
1042 2
1043 2
1044 1
1045 1
1046 1
1047 1
fn=intel_check_word.constprop.0
110 1302
113 621
119 378
123 84
125 31
129 210
131 260
133 99
135 198
143 198
194 396
202 231
216 99
221 120
223 11
225 22
227 8
228 14
229 6
231 8
232 8
235 38
236 3
246 252
fl=./elf/../sysdeps/x86/dl-get-cpu-features.c
fn=__x86_cpu_features
39 3
71 3
fn=_dl_x86_init_cpu_features
37 1
39 3
41 1
fl=./elf/../sysdeps/x86/dl-isa-level.h
fn=_dl_load_cache_lookup
28 6
fl=./elf/../sysdeps/x86/dl-procinfo.h
fn=_dl_load_cache_lookup
39 2
42 15
fl=./elf/../sysdeps/x86/dl-prop.h
fn=_dl_map_object_from_fd
149 8
fn=_dl_process_pt_gnu_property
95 20
102 10
115 10
118 5
252 4
253 2
254 6
255 3
257 20
258 1
260 5
fn=dl_main
36 2
37 15
40 7
49 22
53 18
71 2
149 4
235 4
236 2
fl=./elf/../sysdeps/x86/get-isa-level.h
fn=_dl_hwcaps_subdirs_active
30 4
31 1
32 3
36 3
39 4
40 4
45 4
48 2
fn=update_active.constprop.0
28 1
30 4
32 3
36 3
38 1
39 2
40 4
45 4
47 1
48 2
fl=./elf/../sysdeps/x86_64/dl-cet.c
fn=_dl_cet_check
145 2
157 2
173 1
179 1
275 2
276 1
277 2
282 4
283 3
285 2
293 5
296 1
300 2
301 1
302 2
303 2
304 2
305 2
308 1
310 1
313 2
361 8
363 6
fn=_dl_cet_setup_features
331 1
334 2
350 1
fl=./elf/../sysdeps/x86_64/dl-hwcaps-subdirs.c
fn=_dl_hwcaps_subdirs_active
29 1
38 3
43 1
52 1
fl=./elf/../sysdeps/x86_64/dl-machine.h
fn=_dl_relocate_object
81 16
267 234
274 234
278 234
287 1215
290 252
291 94
292 440
317 702
320 19
323 19
393 20
400 48
402 64
406 48
415 32
423 204
436 7
476 94
478 47
479 47
498 18
499 6
503 12
504 12
730 8
734 6
fn=_dl_start
55 1
278 9
287 27
290 6
291 12
317 8
323 2
fn=_dl_sysdep_start
220 1
fl=./elf/./dl-find_object.h
fn=_dl_find_object_from_map
95 8
96 8
97 4
103 20
104 119
105 82
107 12
112 4
fl=./elf/./dl-hwcaps.h
fn=_dl_important_hwcaps
43 9
45 7
46 1
77 8
78 8
79 6
fl=./elf/./dl-load.h
fn=_dl_map_object_from_fd
91 16
92 4
93 5
94 4
96 4
fl=./elf/./dl-main.h
fn=dl_main
109 5
fl=./elf/./dl-map-segments.h
fn=_dl_map_object_from_fd
28 6
29 18
81 2
101 2
102 6
105 6
106 4
108 4
125 2
135 48
137 24
139 60
149 32
155 4
156 2
157 6
158 4
160 4
165 4
168 6
176 14
182 4
186 8
189 2
194 8
fl=./elf/./dl-sym-post.h
fn=lookup_malloc_symbol
41 8
53 12
fl=./elf/./dl-tunable-types.h
fn=__GI___tunable_set_val
84 5
fl=./elf/./elf/dl-audit.c
fn=_dl_audit_activity_map
29 7
30 1
31 3
37 6
fn=_dl_audit_activity_nsid
41 3
45 12
46 3
47 15
fn=_dl_audit_objclose
97 4
98 16
fn=_dl_audit_objopen
77 2
78 8
fn=_dl_audit_preinit
118 1
119 4
fl=./elf/./elf/dl-cache.c
fn=_dl_cache_libcmp
357 24
358 144
360 192
362 68
368 8
369 6
370 60
372 60
374 4
380 124
382 124
383 30
386 52
387 52
390 18
fn=_dl_load_cache_lookup
191 20
205 1
208 8
210 10
211 2
213 5
220 23
222 60
223 20
227 30
231 30
232 20
240 6
242 4
245 4
247 12
249 2
259 4
269 6
270 4
286 7
295 2
298 2
301 1
302 3
330 2
342 4
346 9
347 6
349 3
403 10
405 2
408 3
411 5
419 5
420 8
423 6
424 1
431 1
432 2
482 3
485 3
500 2
512 3
513 15
514 4
515 1
516 8
fn=_dl_unload_cache
525 3
526 4
528 2
529 1
533 1
535 2
fl=./elf/./elf/dl-call-libc-early-init.c
fn=_dl_call_libc_early_init
27 7
29 2
33 5
37 2
39 4
40 2
41 3
fl=./elf/./elf/dl-call_fini.c
fn=_dl_call_fini
24 32
28 8
32 4
34 4
35 8
38 4
39 6
42 16
43 2
47 4
48 8
49 6
50 22
fl=./elf/./elf/dl-catch.c
fn=_dl_catch_error
254 12
256 2
257 2
258 2
259 2
261 6
fn=_dl_catch_exception
58 9
59 6
69 6
70 15
204 24
207 6
214 3
228 3
229 6
235 18
237 9
239 12
248 9
fn=_dl_receive_error
58 2
59 1
69 2
70 2
186 7
188 1
192 1
194 1
197 1
198 4
fl=./elf/./elf/dl-debug.c
fn=_dl_debug_initialize
56 3
57 1
59 2
61 2
63 3
64 1
85 3
90 3
91 2
92 1
95 3
96 6
99 2
107 2
fn=_dl_debug_state
116 2
117 2
fn=_dl_debug_update
38 3
40 6
41 3
44 6
48 3
fl=./elf/./elf/dl-deps.c
fn=_dl_map_object_deps
128 3
129 5
130 6
132 3
136 8
143 13
144 20
160 9
161 1
164 1
182 1
183 6
184 1
188 9
190 12
193 4
197 12
198 25
201 8
205 4
208 16
210 8
215 2
216 2
217 4
218 4
219 2
221 238
222 112
228 23
230 2
232 8
233 4
242 2
244 4
249 14
252 2
253 2
254 2
255 4
256 2
257 2
259 8
263 6
264 3
266 162
417 8
419 10
422 4
423 8
429 2
430 10
431 10
434 2
435 4
439 12
441 4
442 17
448 5
449 1
452 4
463 5
465 4
470 5
471 1
472 2
474 16
478 4
483 8
485 12
490 4
494 2
495 3
532 2
533 2
547 9
552 9
553 5
557 1
559 2
560 1
561 3
568 3
571 2
574 8
fn=openaux
61 12
64 22
65 2
68 2
69 6
fl=./elf/./elf/dl-environ.c
fn=_dl_next_ld_env_entry
28 3
29 3
32 181
34 118
35 38
37 2
40 4
42 2
45 57
fl=./elf/./elf/dl-find_object.c
fn=_dl_find_object_init
561 5
564 1
566 2
567 3
579 2
580 3
582 2
585 2
590 1
591 1
594 3
596 2
599 6
601 1
604 4
fn=_dlfo_process_initial
474 8
475 2
477 2
478 4
504 24
505 22
506 8
508 28
511 24
513 18
515 6
516 6
517 12
529 2
531 8
fn=_dlfo_sort_mappings
536 1
537 2
540 12
544 4
545 19
546 15
548 2
549 2
553 8
554 10
555 4
557 1
fl=./elf/./elf/dl-fini.c
fn=_dl_fini
26 11
43 1
46 13
49 2
51 1
54 2
56 5
61 1
63 4
68 18
73 16
75 8
77 8
79 8
80 4
81 4
85 4
87 6
88 6
94 6
103 2
108 26
110 4
112 8
114 16
117 8
122 4
126 5
132 6
134 1
138 2
145 8
fl=./elf/./elf/dl-hwcaps.c
fn=_dl_important_hwcaps
52 12
54 1
55 2
56 1
57 1
77 12
80 10
84 1
86 3
87 1
88 1
100 5
102 3
105 1
108 1
112 5
125 8
127 5
128 2
129 2
130 1
133 3
142 3
172 14
174 2
175 3
185 2
186 3
189 3
193 2
194 2
201 1
202 5
208 2
209 1
213 3
216 9
fl=./elf/./elf/dl-hwcaps_split.c
fn=_dl_hwcaps_split
25 5
26 3
27 1
47 4
fn=_dl_hwcaps_split_masked
26 32
30 24
34 78
35 12
36 24
41 36
42 18
43 12
45 6
51 80
55 5
56 18
57 27
58 21
60 3
62 64
67 6
fl=./elf/./elf/dl-init.c
fn=_dl_init
29 10
35 25
37 26
81 13
82 1
83 1
86 3
89 2
94 4
119 1
120 20
121 8
127 8
fn=call_init.part.0
26 48
43 12
46 12
47 2
51 6
59 9
60 6
63 3
64 6
70 6
72 4
73 22
74 12
76 32
fl=./elf/./elf/dl-load.c
fn=_dl_dst_count
238 18
241 4
244 4
245 2
264 18
fn=_dl_init_paths
706 13
720 4
725 1
727 3
734 3
735 2
739 4
741 4
747 1
748 1
756 8
758 8
759 4
761 5
762 7
763 4
766 13
767 10
768 18
770 32
776 1
777 1
782 1
785 3
787 4
789 3
806 1
808 3
822 2
825 5
827 23
831 2
832 60
833 14
834 28
836 1
837 1
838 2
844 6
847 3
853 1
857 8
fn=_dl_map_object
682 10
696 5
1967 36
1969 2
1975 6
1976 12
1979 51
1984 49
1986 35
1990 12
1991 18
1994 10
1995 6
1996 10
2010 8
2011 6
2019 6
2034 2
2036 10
2040 4
2042 2
2049 4
2053 1
2054 1
2058 3
2059 1
2073 5
2074 7
2075 1
2084 2
2099 2
2100 16
2106 3
2107 1
2115 1
2129 2
2131 3
2135 3
2137 2
2141 2
2149 2
2172 9
2176 3
2177 1
2194 2
2200 1
2201 4
2202 2
2203 2
2207 9
2210 3
2222 8
2267 4
2268 34
2270 29
fn=_dl_map_object_from_fd
944 28
959 8
989 29
990 10
1008 4
1036 8
1046 4
1053 16
1054 4
1065 4
1066 6
1067 4
1069 6
1070 8
1071 2
1074 17
1075 6
1086 2
1088 2
1090 44
1091 2
1092 2
1093 2
1094 2
1100 87
1101 213
1107 4
1114 5
1115 6
1116 20
1121 2
1122 1
1127 62
1135 40
1136 52
1137 40
1138 8
1139 16
1141 56
1143 16
1156 16
1157 30
1162 8
1163 82
1176 3
1180 4
1181 1
1185 5
1186 2
1189 1
1194 4
1209 4
1210 2
1213 6
1218 14
1228 38
1229 16
1235 4
1245 8
1252 14
1264 2
1268 8
1269 6
1275 4
1276 4
1278 4
1288 6
1307 6
1309 12
1361 6
1362 2
1368 70
1369 117
1375 33
1380 8
1393 4
1395 8
1397 4
1413 4
1417 4
1418 4
1435 4
1436 1
1439 4
1444 4
1449 4
1461 16
1462 6
1463 9
1464 3
1465 5
1471 4
1472 4
1477 2
1484 6
1487 4
1491 6
1492 6
1510 4
1514 14
1515 8
1519 18
fn=_dl_process_pt_gnu_property
868 9
869 6
870 3
876 6
882 15
885 9
886 6
887 6
890 9
891 9
895 3
896 6
900 10
901 5
904 10
907 5
908 20
918 9
920 12
fn=expand_dynamic_string_token
241 6
244 4
385 20
399 4
410 14
fn=fillin_rpath.isra.0
468 17
472 1
474 12
481 2
483 6
487 2
492 3
493 2
500 5
505 2
509 15
510 8
528 4
532 4
534 2
538 1
539 2
540 4
541 1
543 2
549 4
550 14
551 3
553 2
554 3
555 1
561 2
562 1
565 3
571 1
574 8
fn=open_path
1812 11
1813 2
1816 1
1817 1
1819 2
1822 2
1824 22
1827 2
1831 1
1835 6
1842 6
1843 19
1846 4
1851 22
1854 4
1860 6
1863 16
1865 6
1867 4
1872 4
1873 14
1879 6
1881 14
1882 2
1884 2
1891 13
1893 3
1937 8
1941 1
1943 4
1946 3
1960 9
fn=open_verify.constprop.0
1572 48
1604 12
1609 4
1623 20
1625 8
1633 2
1634 6
1639 12
1641 4
1643 4
1645 4
1651 4
1668 29
1749 4
1754 4
1760 8
1766 4
1772 8
1773 8
1777 16
1778 5
1799 36
fl=./elf/./elf/dl-lookup-direct.c
fn=_dl_lookup_direct
32 15
33 9
35 6
36 6
48 9
51 6
53 21
57 9
58 21
59 15
74 39
76 6
78 21
79 6
81 12
84 25
86 12
93 6
115 3
116 27
fl=./elf/./elf/dl-lookup.c
fn=_dl_lookup_symbol_x
772 1287
774 198
775 396
778 99
782 378
785 198
787 198
791 1421
792 1683
797 495
799 42
816 99
817 21
820 198
821 628
828 120
856 368
870 276
871 2
873 184
890 368
892 891
fn=check_match
70 1410
73 752
78 4
86 460
89 364
93 92
94 184
96 180
115 180
116 720
117 450
144 4
146 12
147 8
161 92
162 752
fn=do_lookup_x
347 1386
348 99
353 99
354 99
358 650
361 650
365 848
386 650
390 650
396 975
400 325
401 325
404 1625
405 975
408 325
409 650
411 325
412 297
413 650
415 693
416 1300
419 2275
422 188
423 282
424 188
426 188
429 1045
431 282
432 2350
433 188
436 282
439 355
461 736
470 16
476 184
483 716
487 15
499 184
500 92
501 92
518 699
521 7
522 792
fl=./elf/./elf/dl-minimal-malloc.c
fn=__minimal_calloc
80 40
84 8
87 8
88 24
fn=__minimal_free
97 1
99 4
fn=__minimal_malloc
36 192
37 72
42 3
43 2
44 2
48 95
51 160
56 8
57 8
59 2
60 16
62 4
64 8
65 6
67 6
70 24
71 26
73 144
fl=./elf/./elf/dl-minimal.c
fn=__rtld_malloc_init_real
76 10
86 2
87 1
89 1
91 6
92 5
93 5
94 4
99 1
100 1
101 1
102 1
103 8
fn=__rtld_malloc_init_stubs
42 1
43 2
44 2
45 2
46 2
47 1
fn=lookup_malloc_symbol
61 36
63 4
64 28
68 28
69 28
71 4
72 24
fn=strsep
239 2
242 4
244 2
245 4
247 2
249 47
251 28
254 56
256 84
264 14
267 1
271 4
fl=./elf/./elf/dl-misc.c
fn=_dl_name_match_p
68 98
69 56
70 3
72 14
74 58
75 90
80 15
82 11
83 56
fn=_dl_sysdep_read_whole_file
36 11
39 3
40 2
42 6
44 2
47 2
49 8
60 3
63 8
fl=./elf/./elf/dl-object.c
fn=_dl_add_to_namespace_list
31 27
33 9
35 26
38 20
40 2
42 2
45 2
46 9
47 6
48 6
50 6
51 15
fn=_dl_new_object
59 45
62 6
64 2
66 3
67 2
71 6
77 2
80 4
83 11
87 4
92 2
95 6
98 3
99 3
100 6
103 6
104 21
106 3
119 13
123 2
125 1
127 21
130 6
131 6
132 3
136 3
139 34
141 20
149 6
150 3
153 1
155 18
157 8
160 8
164 8
168 14
176 1
179 6
189 12
191 8
195 6
199 4
200 4
208 2
212 2
245 8
250 84
251 84
255 4
256 2
259 2
263 27
fl=./elf/./elf/dl-reloc.c
fn=_dl_relocate_object
170 656
171 204
174 1056
175 84
177 7
178 28
182 190
183 95
184 95
186 766
187 445
188 178
190 720
193 95
194 665
196 7
207 55
208 10
220 8
221 12
224 16
226 12
228 4
229 12
251 20
252 8
253 2
255 8
262 12
301 10034
304 20
328 4
331 8
348 12
350 40
356 24
359 8
363 8
364 24
fl=./elf/./elf/dl-setup_hash.c
fn=_dl_setup_hash
25 8
28 12
31 12
32 8
33 4
34 4
36 12
37 4
38 12
40 4
41 8
43 4
45 12
50 4
fl=./elf/./elf/dl-sort-maps.c
fn=_dl_sort_maps
140 40
181 2
182 4
183 34
184 16
211 34
216 4
218 2
219 10
221 26
223 8
226 24
244 8
263 8
276 8
283 2
298 26
306 6
310 18
fn=_dl_sort_maps_init
289 4
290 4
291 1
292 3
293 2
fn=dfs_traversal.part.0
135 72
140 20
143 8
145 24
147 60
156 28
171 24
172 8
173 48
fl=./elf/./elf/dl-tunables.c
fn=__GI___tunable_set_val
72 50
82 5
93 40
94 25
97 10
100 35
104 10
111 10
112 10
115 25
116 5
117 5
118 5
153 30
157 15
fn=__GI___tunables_init
42 300
45 59
48 5460
52 118
56 236
128 1
261 10
267 4
281 9676
283 2
287 17523
304 8
fn=__tunable_get_val
387 74
390 438
399 49
400 15
409 28
416 222
418 37
fl=./elf/./elf/dl-tunables.h
fn=__GI___tunable_set_val
141 10
142 10
151 5
fn=__GI___tunables_init
160 1450
161 2959
fl=./elf/./elf/dl-version.c
fn=_dl_check_all_versions
392 7
394 1
396 17
397 4
398 36
401 7
fn=_dl_check_map_versions
36 26
37 5
38 37
56 20
64 15
70 15
86 5
87 10
89 5
94 123
108 98
110 5
113 40
120 132
124 44
155 40
156 4
164 6
170 12
172 20
174 4
175 4
177 8
180 6
184 16
200 6
208 6
213 6
215 3
217 20
218 40
221 10
224 15
228 4
231 20
234 15
239 3
243 6
257 15
260 4
263 198
266 148
270 46
274 9
279 3
280 12
281 9
291 3
294 17
296 6
299 8
303 6
306 15
308 20
310 25
311 10
312 15
313 15
316 15
321 3
324 6
334 6
337 4
341 46
343 96
347 46
348 230
349 138
350 46
353 144
357 46
365 4
366 4
367 4
368 2
370 4
372 124
373 60
375 2
376 7
387 36
fl=./elf/./elf/do-rel.h
fn=_dl_relocate_object
49 24
50 24
51 4
53 40
72 3
73 4
80 24
114 24
123 36
124 12
126 24
129 24
131 662
133 790
134 632
135 474
136 632
138 474
141 188
142 47
143 47
147 111
150 349
151 57
164 12
165 211
166 189
169 141
171 188
172 47
173 94
180 31
182 42
183 12
185 18
193 6
196 18
211 7
fn=_dl_start
49 6
50 4
51 1
53 10
56 4
61 13
63 9
64 6
65 3
fl=./elf/./elf/get-dynamic-info.h
fn=_dl_map_object_from_fd
39 4
43 2
45 194
49 94
51 26
52 13
53 3
54 42
55 34
56 10
59 8
62 8
64 8
68 47
72 8
84 7
85 8
86 8
87 8
88 7
89 7
90 7
91 8
103 16
110 7
115 2
122 2
123 6
129 6
130 3
147 6
152 2
154 2
156 2
158 2
159 2
162 6
164 6
165 4
174 4
175 6
180 4
181 3
184 4
fl=./elf/./elf/libc_early_init.c
fn=__libc_early_init
33 9
35 1
38 2
41 2
47 4
49 2
fl=./elf/./elf/rtld.c
fn=_dl_start
85 8
458 2
476 3
477 1
478 2
488 1
494 4
496 2
517 16
543 1
546 2
547 4
563 190
565 1
578 1
585 9
fn=dl_main
85 17
92 12
93 2
101 9
197 2
199 1
224 3
225 5
226 4
296 3
302 1
303 1
837 1
839 1
848 1
850 1
855 1
1115 1
1116 1
1118 1
1122 3
1124 1
1125 1
1140 1
1143 46
1144 117
1148 3
1153 3
1154 9
1163 2
1164 2
1166 1
1173 3
1191 2
1199 8
1200 17
1201 8
1202 1
1204 12
1205 14
1209 8
1210 8
1211 4
1215 12
1243 2
1247 3
1253 28
1254 61
1260 17
1266 4
1269 3
1271 3
1346 13
1351 1
1352 1
1357 1
1373 3
1374 4
1637 10
1639 2
1640 3
1641 2
1642 3
1646 2
1647 2
1672 3
1673 5
1674 3
1675 3
1678 1
1680 1
1681 1
1683 2
1684 2
1688 2
1690 2
1698 4
1705 2
1708 2
1733 4
1735 1
1740 2
1743 4
1744 4
1745 3
1746 1
1747 1
1748 1
1759 2
1760 2
1762 2
1764 1
1765 3
1770 5
1771 5
1773 3
1779 2
1788 2
1792 1
1793 2
1817 2
1823 1
1824 1
1825 1
1829 3
1834 3
1836 1
1838 2
1842 5
1847 2
1863 6
1939 4
1943 19
1944 1
1947 3
1948 1
1949 2
1950 2
1955 3
1965 9
1971 19
1972 12
1975 3
1976 2
1977 1
1979 14
1980 6
1984 2
1990 1
1992 3
1993 2
1995 2
1997 3
1999 3
2000 1
2001 2
2013 2
2014 2
2015 3
2026 5
2027 4
2028 5
2038 2
2039 2
2040 4
2042 2
2047 3
2246 3
2250 3
2256 2
2259 2
2267 2
2279 3
2282 3
2284 3
2285 6
2292 2
2293 21
2295 8
2300 8
2302 10
2304 1
2305 1
2308 4
2310 8
2311 24
2315 10
2316 3
2325 2
2329 4
2331 1
2338 4
2341 2
2345 3
2347 2
2357 1
2362 3
2365 1
2371 1
2372 5
2380 3
2387 1
2390 3
2394 3
2395 1
2396 1
2397 1
2401 1
2406 8
2538 1
2598 1
2600 2
2602 15
2604 2
2606 107
2607 19
2615 13
2640 2
2650 4
2652 2
2653 1
2687 5
2689 2
2690 2
2691 1
2727 5
2749 3
fn=handle_preload_list
183 3
806 1
810 2
811 2
812 1
814 1
816 6
817 3
825 3
869 13
870 3
874 5
877 4
878 3
880 4
881 2
887 1
889 2
891 2
892 1
895 9
fn=init_tls
734 4
736 2
740 3
746 2
749 1
750 1
751 1
755 1
757 1
761 2
762 2
763 12
764 4
765 8
769 3
771 1
773 3
776 2
779 1
786 2
787 2
793 2
797 1
800 5
fn=map_doit
641 6
643 4
644 6
646 3
fn=version_check_doit
674 6
676 6
680 3
fl=./elf/./get-dynamic-info.h
fn=_dl_start
45 75
49 36
51 10
52 5
54 20
55 16
56 5
59 4
62 4
64 4
68 18
72 3
84 4
85 3
86 4
87 4
88 5
89 3
90 4
91 4
103 10
110 3
123 3
129 3
130 3
133 2
134 3
139 5
142 5
fn=dl_main
39 4
43 1
45 107
49 52
51 12
52 6
54 25
55 21
56 5
59 4
62 4
64 4
68 26
72 7
84 3
85 5
86 5
87 5
88 4
89 5
90 5
91 5
103 9
110 3
115 2
122 3
123 4
129 3
147 4
152 2
154 2
156 2
158 2
159 2
162 4
164 3
165 2
174 2
175 3
180 2
181 3
184 3
fl=./elf/./setup-vdso.h
fn=dl_main
24 2
fl=./io/../sysdeps/unix/sysv/linux/access.c
fn=access
25 1
27 7
31 1
fl=./io/../sysdeps/unix/sysv/linux/close_nocancel.c
fn=__GI___close_nocancel
25 3
26 12
27 3
fl=./io/../sysdeps/unix/sysv/linux/fstat64.c
fn=fstat
30 4
39 16
72 4
fl=./io/../sysdeps/unix/sysv/linux/fstatat64.c
fn=fstatat
91 4
146 4
160 2
161 7
162 1
fl=./io/../sysdeps/unix/sysv/linux/open64_nocancel.c
fn=__open_nocancel
28 20
31 35
39 41
41 10
fl=./io/../sysdeps/unix/sysv/linux/pread64_nocancel.c
fn=__pread64_nocancel
25 4
26 8
27 2
fl=./io/../sysdeps/unix/sysv/linux/read_nocancel.c
fn=__read_nocancel
25 2
26 8
27 2
fl=./io/../sysdeps/unix/sysv/linux/stat64.c
fn=stat
28 4
29 8
fl=./io/../sysdeps/unix/sysv/linux/write.c
fn=write
25 3
26 18
27 3
fl=./libio/../include/sys/sysmacros.h
fn=_IO_file_doallocate
47 6
fl=./libio/./libio/filedoalloc.c
fn=_IO_file_doallocate
78 11
84 9
86 4
89 2
91 2
94 2
97 4
101 3
102 2
104 4
105 1
106 9
fl=./libio/./libio/fileops.c
fn=_IO_do_write@@GLIBC_2.2.5
424 37
426 24
427 25
434 6
441 12
444 3
449 15
450 15
452 9
453 6
454 3
455 6
456 12
fn=_IO_file_overflow@@GLIBC_2.2.5
732 248
733 124
740 153
743 2
745 2
746 6
755 3
764 3
765 1
766 1
767 1
768 1
769 3
771 3
772 5
773 2
775 62
776 6
777 33
778 56
781 84
782 84
783 112
784 4
785 3
787 28
788 183
fn=_IO_file_setbuf@@GLIBC_2.2.5
382 6
383 3
386 1
388 3
390 2
391 3
fn=_IO_file_stat
1147 1
1148 2
fn=_IO_file_sync@@GLIBC_2.2.5
793 7
798 4
800 1
801 2
812 2
816 5
fn=_IO_file_write@@GLIBC_2.2.5
1174 24
1175 6
1176 18
1180 9
1181 9
1182 6
1187 3
1188 3
1190 9
1191 9
1194 18
fn=_IO_file_xsputn@@GLIBC_2.2.5
444 4
446 4
1198 27
1200 1
1204 12
1205 3
1211 12
1213 10
1214 4
1217 6
1219 6
1221 2
1228 3
1232 6
1234 4
1236 10
1237 2
1238 6
1240 4
1244 18
1250 6
1251 15
1253 9
1264 6
1265 4
1267 3
1268 27
fl=./libio/./libio/genops.c
fn=_IO_cleanup
776 6
777 10
780 13
784 3
785 36
792 7
794 6
796 4
798 2
800 3
801 1
805 5
807 3
814 3
816 30
817 3
821 7
822 2
842 12
843 2
855 12
fn=_IO_default_setbuf
330 5
332 1
333 1
337 2
452 10
453 5
455 4
457 3
458 2
462 1
466 4
467 1
468 6
fn=_IO_default_xsputn
371 11
373 2
374 4
375 1
379 116
399 282
401 28
404 8
fn=_IO_doallocbuf
343 8
344 2
346 3
347 5
350 6
fn=_IO_flush_all
686 12
687 3
691 6
692 9
695 12
697 3
698 36
700 21
708 33
709 3
713 7
714 2
718 12
fn=_IO_setb
329 11
330 4
332 1
333 1
335 6
338 6
fl=./libio/./libio/libioP.h
fn=_IO_cleanup
1025 3
1026 2
fn=_IO_default_setbuf
1025 3
1026 2
fn=_IO_default_xsputn
1025 57
1026 56
fn=_IO_do_write@@GLIBC_2.2.5
1025 9
1026 6
fn=_IO_doallocbuf
1025 3
1026 2
fn=_IO_file_doallocate
1025 3
1026 2
fn=_IO_file_xsputn@@GLIBC_2.2.5
1025 9
1026 6
fn=_IO_flush_all
1025 2
fl=./libio/./libio/vtables.c
fn=check_stdfiles_vtables
545 1
546 4
547 3
548 3
550 1
fl=./malloc/../string/bits/string_fortified.h
fn=tcache_init.part.0
59 88
fl=./malloc/../sysdeps/unix/sysv/linux/not-cancel.h
fn=ptmalloc_init.part.0
97 6
fl=./malloc/./malloc/arena.c
fn=free
153 197379
fn=malloc
153 131588
264 1
fn=ptmalloc_init.part.0
262 8
267 1
292 2
296 3
300 4
301 4
302 4
303 4
304 4
305 4
306 4
308 4
309 4
310 4
313 4
314 4
316 2
326 8
fl=./malloc/./malloc/malloc.c
fn=_int_free
1792 65908
1992 342
3163 14
3165 28
3166 7
3167 14
4495 461405
4499 197745
4505 263660
4506 131830
4510 329575
4517 131830
4518 395490
4521 121
4527 363
4547 605
4550 7
4561 131816
4572 456
4574 342
4593 114
4595 114
4596 114
4600 342
4602 228
4606 228
4608 342
4609 114
4628 456
4637 131588
4640 131588
4643 131588
4646 131588
4658 329696
fn=_int_free_maybe_consolidate
4770 723734
4776 131588
4778 218160
4781 163620
4784 272700
4785 272700
4798 505574
fn=_int_free_merge_chunk
1992 197382
4665 526352
4666 65794
4670 394764
4673 131588
4678 197382
4681 131588
4682 131588
4683 131588
4689 131588
4691 65413
4692 65413
4693 65413
4694 261652
4696 130826
4701 197382
4702 460558
4714 131588
4720 131584
4721 740
4722 740
4724 65422
4732 65792
4733 263168
4734 131584
4736 65792
4738 131584
4740 197376
4743 65792
4744 65792
4746 197376
4747 65792
4756 2
4757 6
4758 4
fn=_int_malloc
1326 131590
1345 394770
1794 65795
1985 3
2008 252
2017 2
2552 1104
2553 184
2564 368
2589 736
2590 368
2599 2200
2605 549
2608 552
2669 552
2677 368
2678 189
2691 552
2693 184
2699 920
2707 368
2709 736
2710 552
2711 62
2712 184
2715 368
2727 366
2728 122
2732 854
2734 244
2738 244
2742 244
2744 674
2745 1
2746 490
2752 618
2753 366
2755 248
2782 124
2783 1
2795 3
2814 2
2817 2
2818 6
2820 1
2821 6
2833 5
2847 244
2866 244
2873 123
2875 123
2876 615
2877 123
2888 369
2895 244
2896 366
2904 122
2906 122
2911 244
2913 610
2921 552
2922 184
2926 184
2930 920
2932 184
2933 184
2934 184
2935 1288
2936 368
2938 184
3846 723745
3882 1
3887 131590
3914 131590
3977 131590
3979 6
3980 2
3982 3
4039 328970
4040 197382
4041 342
4058 197383
4059 197385
4060 197385
4069 230
4070 329321
4072 115
4073 230
4074 115
4076 230
4077 345
4079 115
4080 460
4082 460
4084 230
4085 230
4087 230
4098 460
4127 115
4128 115
4132 230
4161 231
4163 228
4164 456
4165 114
4169 9
4170 3
4171 1
4174 2
4218 4
4221 805
4222 115
4223 115
4224 115
4225 115
4230 230
4231 230
4240 460
4246 230
4257 197385
4259 263176
4262 197382
4263 65795
4330 65795
4331 131590
4332 131590
4333 131590
4334 394770
4339 263179
4343 394767
4346 263180
4353 28
4355 13
4357 26
4361 1
4364 2
4373 4
4376 2
4378 3
4381 3
4384 4
4394 1
4399 4
4400 2
4403 1
4404 1
4405 1
4408 2
4410 2
4415 8
4417 3
4418 1
4421 1
4443 65794
4444 131588
4446 131588
4449 197382
4451 65610
4452 131220
4453 65610
4454 524880
4456 131220
4459 131220
4460 197382
4461 65794
4466 736
4482 184
4487 789540
fn=alloc_perturb
1985 197382
1987 65794
fn=free
3359 460551
3363 131586
3371 131586
3373 65793
3375 197379
3392 197379
3398 197379
3401 65793
3402 394758
fn=malloc
1326 131588
1345 328970
3248 4
3294 526352
3301 131588
3311 131588
3313 263176
3316 131588
3318 3
3326 131588
3328 263176
3329 328970
3354 394764
fn=malloc_consolidate
4811 1026
4826 114
4828 228
4839 114
4841 2280
4842 2280
4845 228
4849 342
4850 456
4855 570
4858 228
4859 114
4860 342
4862 228
4871 228
4874 228
4878 228
4880 114
4881 228
4882 228
4884 228
4889 342
4891 114
4892 114
4901 228
4904 3420
4905 912
fn=ptmalloc_init.part.0
1946 385
1949 381
1957 1
1958 1
1960 1
3143 2
fn=sysmalloc_mmap_fallback.constprop.0
2008 488
2490 1342
2494 122
2497 366
2498 5
2501 244
2502 244
2505 244
2506 122
2508 1098
2511 244
2515 244
2519 488
2524 122
2526 122
2528 1098
fn=systrim.constprop.0
2957 327240
2966 163620
2968 54540
2969 109080
2970 54540
2974 163620
2975 54540
2978 272700
2980 109080
2987 163620
2988 218160
3020 327240
fn=tcache_init.part.0
3242 4
3251 8
3252 3
3253 2
3261 4
3270 2
3274 3
fn=unlink_chunk.isra.0
1608 131568
1610 328920
1613 131568
1614 131568
1616 263136
1619 65784
1620 65784
1621 328578
1623 2
1624 3
1627 2
1641 1
1642 1
1645 131568
fl=./malloc/./malloc/morecore.c
fn=__glibc_morecore
25 164175
26 109450
27 122
29 54725
30 109450
34 109450
fl=./malloc/./malloc/scratch_buffer_set_array_size.c
fn=__libc_scratch_buffer_set_array_size
30 26
34 2
35 4
45 4
46 2
63 12
fl=./misc/../sysdeps/unix/syscall-template.S
fn=mprotect
117 20
122 4
fn=munmap
117 5
122 1
fl=./misc/../sysdeps/unix/sysv/linux/brk.c
fn=brk
36 185
37 370
38 370
40 244
41 244
44 63
45 63
fl=./misc/../sysdeps/unix/sysv/linux/brk_call.h
fn=brk
24 370
fl=./misc/../sysdeps/unix/sysv/linux/mmap64.c
fn=mmap
47 938
50 268
53 907
58 804
60 536
fl=./misc/../sysdeps/unix/sysv/linux/setvmaname.c
fn=__set_vma_name
33 865
35 617
40 14
47 2
48 1
49 1107
fl=./misc/./misc/init-misc.c
fn=__init_misc
30 5
31 6
33 3
37 5
38 3
40 4
fl=./misc/./misc/sbrk.c
fn=sbrk
37 437800
40 109450
43 109450
50 122
58 109450
59 4
62 109450
63 2
66 736
74 552
78 383075
fl=./nptl/../sysdeps/unix/sysv/linux/x86/elision-conf.c
fn=__lll_elision_init
92 8
96 5
98 4
100 4
102 4
104 4
107 3
108 1
109 6
fl=./nptl/./nptl/alloca_cutoff.c
fn=__libc_alloca_cutoff
27 3
28 27
35 3
fl=./nptl/./nptl/libc-cleanup.c
fn=__libc_cleanup_pop_restore
54 2
55 2
57 4
59 2
60 6
71 2
fn=__libc_cleanup_push_defer
24 2
25 2
27 4
29 4
32 4
46 6
48 2
49 2
fl=./nptl/./nptl/pthread_mutex_conf.c
fn=__pthread_tunables_init
55 8
56 5
58 4
60 4
62 6
fl=./nptl/./nptl/pthread_mutex_lock.c
fn=pthread_mutex_lock@@GLIBC_2.2.5
44 1
45 7
46 1
77 5
80 3
82 1
84 2
88 2
97 2
108 4
112 1
115 2
124 1
130 3
131 2
179 1
182 1
184 1
187 1
190 3
fl=./nptl/./nptl/pthread_mutex_unlock.c
fn=pthread_mutex_unlock@@GLIBC_2.2.5
39 1
40 4
41 1
51 3
52 2
57 2
62 1
65 1
70 1
72 1
74 2
80 4
84 3
87 2
367 4
369 2
fl=./posix/../malloc/dynarray-skeleton.c
fn=__unregister_atfork
243 2
fl=./posix/../sysdeps/unix/sysv/linux/_exit.c
fn=_Exit
27 2
30 4
fl=./posix/./posix/register-atfork.c
fn=__unregister_atfork
71 4
82 12
83 8
109 8
110 6
fl=./resource/../sysdeps/unix/sysv/linux/getrlimit64.c
fn=getrlimit
38 2
39 7
40 1
fl=./setjmp/../sysdeps/x86_64/bsd-_setjmp.S
fn=_setjmp
28 1
30 1
32 1
fl=./setjmp/../sysdeps/x86_64/setjmp.S
fn=__sigsetjmp
31 4
33 4
42 4
43 8
44 4
48 4
49 4
50 4
51 4
52 4
54 8
56 4
57 4
58 4
60 8
62 4
67 1
68 1
70 3
73 3
74 3
81 3
82 3
85 1
fl=./setjmp/./setjmp/sigjmp.c
fn=__sigjmp_save
28 6
29 1
30 2
34 4
fl=./stdio-common/../include/../locale/localeinfo.h
fn=__printf_fp_l_buffer
331 9
fl=./stdio-common/../include/printf_buffer.h
fn=__printf_buffer_to_file_init
124 6
127 3
128 3
137 6
fn=__printf_fp_buffer_1.isra.0
163 18
fl=./stdio-common/../include/rounding-mode.h
fn=__printf_fp_buffer_1.isra.0
52 6
fl=./stdio-common/../libio/libioP.h
fn=__printf_buffer_to_file_done
1025 9
1026 6
fl=./stdio-common/../string/bits/string_fortified.h
fn=__printf_buffer_write
29 27
fn=__printf_fp_buffer_1.isra.0
29 21
fl=./stdio-common/../sysdeps/generic/get-rounding-mode.h
fn=__printf_fp_buffer_1.isra.0
94 3
95 21
fl=./stdio-common/../sysdeps/pthread/allocalim.h
fn=__printf_fp_buffer_1.isra.0
27 6
29 15
fl=./stdio-common/./stdio-common/Xprintf_buffer_done.c
fn=__printf_buffer_done
25 3
26 9
31 6
33 36
40 3
fl=./stdio-common/./stdio-common/Xprintf_buffer_write.c
fn=__printf_buffer_write
27 72
28 27
31 54
33 45
36 9
37 18
40 27
41 9
44 54
fl=./stdio-common/./stdio-common/printf-parse.h
fn=__printf_buffer
82 27
fl=./stdio-common/./stdio-common/printf.c
fn=printf
28 66
32 18
33 21
37 15
fl=./stdio-common/./stdio-common/printf_buffer_to_file.c
fn=__printf_buffer_to_file_done
51 12
53 12
58 9
59 18
65 6
66 3
117 24
118 9
121 6
122 15
fn=__printf_buffer_to_file_init
108 3
109 6
111 3
112 3
fn=__printf_buffer_to_file_switch
29 6
30 30
40 6
41 6
44 24
45 6
fl=./stdio-common/./stdio-common/printf_fp.c
fn=__printf_fp_buffer_1.isra.0
91 54
93 54
95 36
101 36
105 126
107 72
108 18
110 36
111 108
112 36
117 18
118 36
138 54
159 24
177 3
187 3
221 6
222 3
226 9
230 51
234 3
266 15
267 3
268 6
271 51
272 48
273 48
279 3
280 6
283 3
293 3
294 21
297 9
301 12
305 12
306 3
308 18
309 27
310 6
311 21
313 6
318 39
322 231
324 30
327 9
337 12
368 6
369 12
375 54
377 9
380 18
381 18
382 27
385 99
388 24
389 24
390 30
391 24
394 39
396 78
397 6
403 12
407 54
411 12
413 6
429 3
430 3
434 21
442 15
452 6
470 18
471 6
473 6
474 18
477 9
478 15
665 9
674 18
676 6
680 6
686 6
688 6
689 12
692 9
694 27
696 6
738 12
746 9
759 51
760 6
763 9
766 120
769 90
771 3
773 18
775 9
787 3
788 15
789 27
790 48
792 18
793 18
794 54
795 36
796 54
805 15
806 12
808 21
810 18
924 9
931 6
935 9
980 21
983 6
987 15
991 9
994 12
996 24
999 12
1001 9
1003 6
1006 6
1009 9
1022 12
1024 9
1028 9
1030 33
fn=__printf_fp_l_buffer
1099 57
1102 9
1111 3
1112 6
1115 15
1116 15
1117 9
1122 21
1126 3
1147 33
fn=hack_digit
88 165
91 99
93 99
95 66
101 66
105 231
107 132
108 33
110 66
111 207
112 18
117 9
118 57
122 96
123 48
124 120
128 165
fl=./stdio-common/./stdio-common/vfprintf-internal.c
fn=__printf_buffer
263 9
264 9
266 3
600 45
627 15
631 3
634 3
638 12
642 3
653 9
654 6
655 9
659 6
663 24
683 3
684 3
685 3
686 3
687 3
690 6
691 3
692 3
693 3
694 3
695 3
698 3
699 3
705 42
744 6
891 6
973 15
976 102
996 33
997 6
1001 3
1018 3
1024 3
1028 9
1029 6
1031 6
1044 33
fn=__vfprintf_internal
1522 39
1525 20
1529 15
1540 6
1543 12
1544 15
1545 9
1567 33
fl=./stdlib/../sysdeps/ieee754/dbl-64/dbl2mpn.c
fn=__mpn_extract_double
33 9
35 3
37 9
38 15
47 9
56 9
103 6
107 6
fl=./stdlib/../sysdeps/x86_64/lshift.S
fn=__mpn_lshift
28 3
29 3
30 3
32 3
33 3
34 3
46 3
47 3
48 3
49 3
50 3
51 3
52 3
58 3
59 3
60 3
fl=./stdlib/../sysdeps/x86_64/mul_1.S
fn=__mpn_mul_1
31 33
32 33
35 33
36 33
37 33
38 33
39 33
41 33
42 33
44 33
45 33
46 33
47 33
48 24
50 24
51 24
52 24
53 24
79 9
80 9
81 9
82 9
83 9
84 9
85 9
86 9
87 9
113 9
114 9
115 9
117 9
118 9
119 9
120 9
121 9
122 33
124 33
127 33
fl=./stdlib/../sysdeps/x86_64/rshift.S
fn=__mpn_rshift
28 6
29 6
30 6
31 6
44 6
45 6
61 6
62 6
63 6
64 6
65 6
66 6
67 6
72 6
73 6
74 6
75 6
76 6
fl=./stdlib/./stdlib/cmp.c
fn=__mpn_cmp
31 12
35 24
37 12
38 12
39 24
47 60
fl=./stdlib/./stdlib/cxa_atexit.c
fn=__cxa_atexit
41 2
43 8
44 2
46 2
52 3
53 1
54 1
55 1
56 1
57 4
58 1
67 7
69 6
fn=__new_exitfn
80 5
81 1
86 2
91 10
93 4
101 1
122 1
123 1
134 1
136 1
137 1
141 5
fl=./stdlib/./stdlib/cxa_finalize.c
fn=__cxa_finalize
30 20
33 14
36 14
40 14
93 14
97 12
105 4
106 8
107 16
fl=./stdlib/./stdlib/cxa_thread_atexit_impl.c
fn=__call_tls_dtors
148 5
149 4
165 4
fl=./stdlib/./stdlib/divrem.c
fn=__mpn_divrem
46 714
47 51
49 102
62 51
63 51
65 102
72 342
73 81
76 102
79 51
81 51
234 459
fl=./stdlib/./stdlib/exit.c
fn=__run_exit_handlers
38 12
40 2
41 2
43 5
54 2
56 2
60 1
64 6
66 2
67 1
69 7
94 2
101 1
102 1
103 1
104 3
107 4
108 3
109 4
113 3
119 3
120 2
126 4
128 2
129 2
131 2
fn=exit
137 3
138 4
fl=./stdlib/./stdlib/mul.c
fn=__mpn_mul
48 153
54 18
66 18
71 9
72 18
81 36
83 9
84 9
88 18
141 9
142 99
fl=./string/../include/rtld-malloc.h
fn=strdup
56 6
fl=./string/../string/strcspn.c
fn=strcspn
32 6
33 3
34 2
39 6
40 4
41 4
42 4
44 1
47 9
48 6
51 4
52 4
53 4
54 4
56 3
61 12
62 24
63 24
64 24
65 12
67 72
69 1
70 4
71 3
fl=./string/../sysdeps/x86/cacheinfo.c
fn=__x86_cacheinfo
86 1
fl=./string/../sysdeps/x86/cacheinfo.h
fn=__x86_cacheinfo
59 1
62 3
64 3
65 1
71 3
73 3
74 1
78 2
80 2
81 2
82 2
84 2
86 2
fl=./string/../sysdeps/x86_64/multiarch/../multiarch/memset-vec-unaligned-erms.S
fn=memset
132 7
133 35
138 7
139 7
142 2
143 2
244 2
245 2
257 2
260 2
261 2
273 2
274 2
287 2
288 2
290 2
293 1
296 2
299 35
300 35
301 35
302 35
303 35
304 35
305 35
308 2
309 2
310 2
311 2
316 2
350 5
352 5
353 5
392 5
393 5
395 5
fl=./string/../sysdeps/x86_64/multiarch/../multiarch/strchr-sse2.S
fn=index
32 15
33 15
34 15
35 15
36 15
37 15
38 15
39 15
40 15
41 15
42 15
43 15
44 15
45 15
46 15
47 15
48 15
49 15
50 13
54 13
55 13
56 13
57 13
59 13
63 2
64 2
65 2
66 2
67 2
68 2
69 2
70 2
71 2
72 2
73 2
74 2
75 2
76 2
77 2
78 2
79 2
80 2
81 2
82 2
83 2
84 2
85 2
86 2
138 2
142 2
143 2
144 2
145 2
147 2
fl=./string/../sysdeps/x86_64/multiarch/../multiarch/strcmp-sse2.S
fn=strcmp
98 169
131 169
132 169
134 169
135 169
156 169
157 169
158 141
159 141
160 127
161 127
162 127
163 127
180 127
181 127
182 127
183 127
184 127
185 127
186 127
191 10
192 30
201 52
202 52
203 52
204 52
205 52
206 52
207 52
208 52
209 50
210 20
211 20
212 20
214 50
215 50
216 50
217 50
218 50
219 50
229 2
230 2
231 2
233 2
239 2
240 2
241 2
242 2
243 2
248 2
300 6
301 6
302 6
303 6
304 6
306 6
307 6
308 6
309 6
310 6
311 6
312 6
313 6
316 6
317 6
318 6
324 6
325 6
326 12
330 6
331 6
334 6
335 6
336 6
338 6
339 6
340 6
344 6
345 6
346 6
347 6
348 6
349 6
661 1
662 1
663 1
664 1
665 1
667 1
668 1
669 1
670 1
671 1
672 1
673 1
780 1
781 1
782 1
783 1
784 1
786 1
787 1
788 1
789 1
790 1
791 1
792 1
899 8
900 8
901 8
902 8
903 8
905 8
906 8
907 8
908 8
909 8
910 8
911 8
912 7
916 7
917 7
918 7
924 7
925 7
926 14
930 7
931 7
934 7
935 7
936 7
938 7
939 7
940 7
944 7
945 7
946 7
947 7
948 7
949 7
956 1
957 1
959 1
960 1
962 1
963 1
964 1
966 1
967 1
968 1
972 1
973 1
974 1
975 1
976 1
977 1
1018 2
1019 2
1020 2
1021 2
1022 2
1024 2
1025 2
1026 2
1027 2
1028 2
1029 2
1030 2
1031 1
1035 1
1036 1
1037 1
1043 1
1044 1
1045 2
1049 1
1050 1
1053 1
1054 1
1055 1
1057 1
1058 1
1059 1
1063 1
1064 1
1065 1
1066 1
1067 1
1068 1
1137 3
1138 3
1139 3
1140 3
1141 3
1143 3
1144 3
1145 3
1146 3
1147 3
1148 3
1149 3
1256 6
1257 6
1258 6
1259 6
1260 6
1262 6
1263 6
1264 6
1265 6
1266 6
1267 6
1268 6
1269 1
1273 1
1274 1
1275 1
1281 1
1282 1
1283 2
1287 1
1288 1
1291 1
1292 1
1293 1
1295 1
1296 1
1297 1
1301 1
1302 1
1303 1
1304 1
1305 1
1306 1
1494 3
1495 3
1496 3
1497 3
1498 3
1500 3
1501 3
1502 3
1503 3
1504 3
1505 3
1506 3
1507 3
1511 3
1512 3
1513 3
1519 3
1520 3
1521 6
1525 3
1526 3
1529 3
1530 3
1531 3
1533 3
1534 3
1535 3
1539 3
1540 3
1541 3
1542 3
1543 3
1544 3
1613 3
1614 3
1615 3
1616 3
1617 3
1619 3
1620 3
1621 3
1622 3
1623 3
1624 3
1625 3
1626 3
1630 3
1631 3
1632 3
1638 3
1639 3
1640 6
1644 3
1645 3
1648 3
1649 3
1650 3
1652 3
1653 3
1654 3
1658 3
1659 3
1660 3
1661 3
1662 3
1663 3
1670 1
1671 1
1673 1
1674 1
1676 1
1677 1
1678 1
1680 1
1681 1
1682 1
1686 1
1687 1
1688 1
1689 1
1690 1
1691 1
1732 11
1733 11
1734 11
1735 11
1736 11
1738 11
1739 11
1740 11
1741 11
1742 11
1743 11
1744 11
1745 6
1749 6
1750 6
1751 6
1757 6
1758 6
1759 12
1763 6
1764 6
1767 6
1768 6
1769 6
1771 6
1772 6
1773 6
1777 6
1778 6
1779 6
1780 6
1781 6
1782 6
1789 1
1790 1
1792 1
1793 1
1795 1
1796 1
1797 1
1799 1
1800 1
1801 1
1805 1
1806 1
1807 1
1808 1
1809 1
1810 1
1851 5
1852 5
1853 5
1854 5
1855 5
1857 5
1858 5
1859 5
1860 5
1861 5
1862 5
1863 5
1864 3
1868 3
1869 3
1870 3
1876 3
1877 3
1878 6
1882 3
1883 3
1886 3
1887 3
1888 3
1890 3
1891 3
1892 3
1896 3
1897 3
1898 3
1899 3
1900 3
1901 3
1970 1
1971 1
1972 1
1973 1
1974 1
1976 1
1977 1
1978 1
1979 1
1980 1
1981 1
1982 1
2093 30
2095 52
2096 52
2097 52
2098 52
2099 40
2104 169
2110 169
2111 169
2119 169
2120 169
fn=strncmp
98 1
125 1
126 1
127 1
128 1
129 1
131 1
132 1
134 1
135 1
156 1
157 1
158 1
159 1
160 1
161 1
162 1
163 1
180 1
181 1
182 1
183 1
184 1
185 1
186 1
2104 1
2107 1
2108 1
2110 1
2111 1
2119 1
2120 1
fl=./string/../sysdeps/x86_64/multiarch/../multiarch/strlen-sse2.S
fn=strlen
57 15
101 15
102 15
103 15
104 15
105 15
106 15
107 15
109 15
111 15
142 14
143 14
144 14
145 14
146 14
147 8
149 8
153 6
154 6
155 6
156 6
157 6
158 6
159 6
160 6
161 6
162 6
163 6
164 6
169 48
173 1
174 14
175 8
fl=./string/../sysdeps/x86_64/multiarch/ifunc-avx2.h
fn=memrchr
38 4
40 3
fn=rindex
38 4
40 3
fn=strchrnul
38 4
40 3
fn=strlen
38 4
40 3
fn=strnlen
38 8
40 6
fl=./string/../sysdeps/x86_64/multiarch/ifunc-evex.h
fn=memchr
37 4
38 3
fl=./string/../sysdeps/x86_64/multiarch/ifunc-memcmp.h
fn=bcmp
34 5
fl=./string/../sysdeps/x86_64/multiarch/ifunc-memmove.h
fn=memcpy@@GLIBC_2.14
56 2
57 3
60 3
61 2
74 2
103 2
108 3
113 4
fn=memmove
56 2
57 3
60 3
61 2
74 2
103 2
108 3
113 4
fn=mempcpy
56 2
57 3
60 3
61 2
74 2
103 2
108 3
113 4
fl=./string/../sysdeps/x86_64/multiarch/ifunc-memset.h
fn=memset
54 5
57 3
58 2
64 2
73 2
103 4
fl=./string/../sysdeps/x86_64/multiarch/ifunc-sse4_2.h
fn=strcspn
36 5
fn=strpbrk
36 5
fn=strspn
36 5
fl=./string/../sysdeps/x86_64/multiarch/ifunc-strcasecmp.h
fn=strcasecmp
36 4
37 2
53 3
56 3
fn=strcasecmp_l
36 4
37 2
53 3
56 3
fn=strncasecmp
36 4
37 2
53 3
56 3
fn=strncasecmp_l
36 4
37 2
53 3
56 3
fl=./string/../sysdeps/x86_64/multiarch/ifunc-strcpy.h
fn=stpcpy
38 4
39 3
54 4
fn=strcat
38 4
39 3
54 4
fn=strcpy
38 4
39 3
54 4
fl=./string/../sysdeps/x86_64/multiarch/ifunc-strncpy.h
fn=stpncpy
35 5
fn=strncpy
35 5
fl=./string/../sysdeps/x86_64/multiarch/memchr.c
fn=memchr
29 2
fl=./string/../sysdeps/x86_64/multiarch/memcmp.c
fn=bcmp
29 3
fl=./string/../sysdeps/x86_64/multiarch/memcmpeq.c
fn=memcpy@@GLIBC_2.14
29 1
fl=./string/../sysdeps/x86_64/multiarch/memcpy.c
fn=memcpy@@GLIBC_2.14
29 1
fl=./string/../sysdeps/x86_64/multiarch/memmove-vec-unaligned-erms.S
fn=__memcpy_sse2_unaligned_erms
308 6
309 6
311 3
315 3
316 3
317 3
318 3
319 3
323 3
325 3
364 3
365 3
366 3
367 3
368 3
fn=__mempcpy_sse2_unaligned
197 2
198 2
199 2
200 2
fn=memcpy
210 16
211 16
217 26
218 26
220 14
221 14
222 14
224 10
225 10
226 10
228 10
308 12
309 12
311 2
315 2
316 2
317 2
318 1
319 1
323 1
325 2
364 10
365 10
366 10
367 10
368 10
375 4
376 4
377 4
378 4
379 4
380 4
381 4
392 4
393 4
395 4
396 4
397 4
fn=memcpy@GLIBC_2.2.5
210 18
211 18
217 20
218 20
220 14
221 14
222 14
224 14
225 14
226 14
230 14
fn=mempcpy
197 10
198 10
199 10
200 10
fl=./string/../sysdeps/x86_64/multiarch/memmove.c
fn=memmove
29 2
fl=./string/../sysdeps/x86_64/multiarch/mempcpy.c
fn=mempcpy
33 2
fl=./string/../sysdeps/x86_64/multiarch/memrchr.c
fn=memrchr
29 3
fl=./string/../sysdeps/x86_64/multiarch/memset.c
fn=memset
29 2
fl=./string/../sysdeps/x86_64/multiarch/stpcpy.c
fn=stpcpy
33 2
fl=./string/../sysdeps/x86_64/multiarch/stpncpy.c
fn=stpncpy
31 2
fl=./string/../sysdeps/x86_64/multiarch/strcasecmp.c
fn=strcasecmp
31 3
fl=./string/../sysdeps/x86_64/multiarch/strcasecmp_l.c
fn=strcasecmp_l
31 3
fl=./string/../sysdeps/x86_64/multiarch/strcat.c
fn=strcat
29 2
fl=./string/../sysdeps/x86_64/multiarch/strchr-sse2.S
fn=__strchrnul_sse2
32 6
33 6
34 6
35 6
36 6
37 6
38 6
39 6
40 6
41 6
42 6
43 6
44 6
45 6
46 6
47 6
48 6
49 6
50 6
52 6
59 6
fl=./string/../sysdeps/x86_64/multiarch/strchr.c
fn=index
42 4
43 2
44 3
59 4
65 2
fl=./string/../sysdeps/x86_64/multiarch/strchrnul.c
fn=strchrnul
31 3
fl=./string/../sysdeps/x86_64/multiarch/strcmp.c
fn=strcmp
47 4
48 2
49 3
64 3
67 2
79 2
fl=./string/../sysdeps/x86_64/multiarch/strcpy.c
fn=strcpy
29 2
fl=./string/../sysdeps/x86_64/multiarch/strcspn.c
fn=strcspn
29 2
fl=./string/../sysdeps/x86_64/multiarch/strlen-sse2.S
fn=__strlen_sse2
57 3
101 3
102 3
103 3
104 3
105 3
106 3
107 3
109 3
111 3
142 3
143 3
144 3
145 3
146 3
147 3
149 3
fl=./string/../sysdeps/x86_64/multiarch/strlen.c
fn=strlen
29 3
fl=./string/../sysdeps/x86_64/multiarch/strncase.c
fn=strncasecmp
31 3
fl=./string/../sysdeps/x86_64/multiarch/strncase_l.c
fn=strncasecmp_l
31 3
fl=./string/../sysdeps/x86_64/multiarch/strncmp.c
fn=strncmp
43 4
44 2
60 3
61 3
67 3
fl=./string/../sysdeps/x86_64/multiarch/strncpy.c
fn=strncpy
29 2
fl=./string/../sysdeps/x86_64/multiarch/strnlen.c
fn=strnlen
31 6
fl=./string/../sysdeps/x86_64/multiarch/strpbrk.c
fn=strpbrk
29 2
fl=./string/../sysdeps/x86_64/multiarch/strrchr-sse2.S
fn=__strrchr_sse2
45 1
46 1
47 1
48 1
50 1
51 1
53 1
54 1
55 1
58 1
59 1
60 1
61 1
62 1
63 1
65 1
66 1
67 1
68 1
69 1
70 1
71 1
72 1
80 1
fl=./string/../sysdeps/x86_64/multiarch/strrchr.c
fn=rindex
28 3
fl=./string/../sysdeps/x86_64/multiarch/strspn.c
fn=strspn
29 2
fl=./string/./string/strdup.c
fn=strdup
40 18
41 6
44 6
47 12
48 9
fl=./wcsmbs/../sysdeps/x86_64/multiarch/ifunc-avx2.h
fn=wcschr
38 8
40 6
fn=wcscmp
38 4
40 3
fl=./wcsmbs/../sysdeps/x86_64/multiarch/ifunc-evex.h
fn=wmemchr
37 8
38 6
fl=./wcsmbs/../sysdeps/x86_64/multiarch/ifunc-memcmp.h
fn=wmemcmp
34 5
fl=./wcsmbs/../sysdeps/x86_64/multiarch/ifunc-wcs.h
fn=wcpncpy
39 4
40 3
fn=wcscat
39 4
40 3
fn=wcsncpy
39 4
40 3
fl=./wcsmbs/../sysdeps/x86_64/multiarch/ifunc-wcslen.h
fn=wcslen
40 4
41 2
57 4
fn=wcsnlen
40 4
41 2
57 4
fl=./wcsmbs/../sysdeps/x86_64/multiarch/ifunc-wmemset.h
fn=wmemset
36 10
fl=./wcsmbs/../sysdeps/x86_64/multiarch/wcpcpy.c
fn=wcpncpy
31 1
fl=./wcsmbs/../sysdeps/x86_64/multiarch/wcpncpy.c
fn=wcpncpy
31 1
fl=./wcsmbs/../sysdeps/x86_64/multiarch/wcscat.c
fn=wcscat
31 2
fn=wcschr
31 2
fl=./wcsmbs/../sysdeps/x86_64/multiarch/wcschr.c
fn=wcschr
31 4
fl=./wcsmbs/../sysdeps/x86_64/multiarch/wcscmp.c
fn=wcscmp
30 3
fl=./wcsmbs/../sysdeps/x86_64/multiarch/wcscpy.c
fn=wcscpy
42 4
43 2
54 4
60 2
fl=./wcsmbs/../sysdeps/x86_64/multiarch/wcslen.c
fn=wcslen
29 2
fl=./wcsmbs/../sysdeps/x86_64/multiarch/wcsncpy.c
fn=wcsncpy
31 2
fl=./wcsmbs/../sysdeps/x86_64/multiarch/wcsnlen.c
fn=wcsnlen
30 2
fl=./wcsmbs/../sysdeps/x86_64/multiarch/wmemchr.c
fn=wmemchr
31 4
fl=./wcsmbs/../sysdeps/x86_64/multiarch/wmemcmp.c
fn=wmemcmp
29 3
fl=./wcsmbs/../sysdeps/x86_64/multiarch/wmemset.c
fn=wmemset
31 4
fl=/home/yuhu4933/A4/test.c
fn=main
6 5
8 6
11 3
12 772
13 2048
14 197632
15 851968
20 772
21 197632
22 50593792
23 385875968
26 772
27 197632
28 50593792
29 318767104
32 772
33 197632
34 50593792
35 318767104
38 772
39 197632
40 50593792
41 318767104
43 6
44 6
45 6
48 772
49 197632
50 851968
51 2048
53 3
55 1
56 3
fl=???
fn=(below main)
0 12
fn=???
0 263393
summary: 1576959039
